sup100 111111 26493 200153
sup101 111111 26493 200187
sup102 111111 26493 200133
sup103 111111 26493 200159
sup104 111111 26493 200150
sup105 111111 26493 200135
sup106 111111 26493 200210
sup107 111111 26493 200128
sup108 111111 26493 200127
sup109 111111 26493 200141
sup110 111111 26493 200136
sup111 111111 26493 200140
sup112 111111 26493 200191
sup113 111111 26493 200138
sup114 111111 26493 200115
sup115 111111 26493 200130
sup116 111111 26493 200113
sup117 111111 26493 200105
sup118 111111 26493 200116
sup119 111111 26493 200118
sup120 111111 26493 200114
sup121 111111 26493 200112
sup122 111111 26493 200227
sup123 111111 26493 200119
sup124 111111 26493 200121
sup125 111111 26493 200147
sup126 111111 26493 200111
sup127 111111 26493 200201
sup128 111111 26493 200103
sup129 111111 26493 200203
sup130 111111 26493 200259
sup131 111111 26493 200076
sup132 111111 26493 200088
sup133 111111 26493 200077
sup134 111111 26493 200146
sup135 111111 26493 200160
sup136 111111 26493 200137
sup137 111111 26493 200078
sup138 111111 26493 200131
sup139 111111 26493 200185
sup140 111111 26493 200139
sup141 111111 26493 200216
sup142 111111 26493 200162
sup143 111111 26493 200083
sup144 111111 26493 200211
sup145 111111 26493 200152
sup146 111111 26493 200232
sup147 111111 26493 200254
sup148 111111 26493 200189
sup149 111111 26493 200217
sup150 111111 26493 200255
sup151 111111 26493 200198
sup152 111111 26493 200215
sup153 111111 26493 200192
sup154 111111 26493 200193
sup155 111111 26493 200190
sup156 111111 26493 200196
sup157 111111 26493 200142
sup158 111111 26493 200195
sup159 111111 26493 200143
sup160 111111 26493 200132
sup161 111111 26493 200256
sup162 111111 26493 200212
sup163 111111 26493 200106
sup164 111111 26493 200107
sup165 111111 26493 200110
sup166 111111 26493 200122
sup167 111111 26493 200109
sup168 111111 26493 200123
sup169 111111 26493 200120
sup170 111111 26493 200081
sup171 111111 26493 200117
sup172 111111 26493 200108
sup173 111111 26493 200082
sup174 111111 26493 200129
sup175 111111 26493 200090
sup176 111111 26493 200144
sup177 111111 26493 200089
sup178 111111 26493 200060
sup179 111111 26493 200188
sup180 111111 26493 200161
sup181 111111 26493 200163
sup182 111111 26493 200236
sup183 111111 26493 200213
sup184 111111 26493 200062
sup185 111111 26493 200061
sup186 111111 26493 200087
sup187 111111 26493 200086
sup188 111111 26493 200124
sup189 111111 26493 200202
sup190 111111 26493 200068
sup191 111111 26493 200070
sup192 111111 26493 200063
sup193 111111 26493 200134
sup194 111111 26493 200102
sup195 111111 26493 200064
sup196 111111 26493 200065
sup197 111111 26493 200091
sup198 111111 26493 200214
sup199 111111 26493 200092
sup200 111111 26493 200066
sup201 111111 26493 200093
sup203 111111 26493 200244
sup204 111111 26493 200197
sup205 111111 26493 200067
sup206 111111 26493 200248
sup207 111111 26493 200257
sup208 111111 26493 200094
sup209 111111 26493 200095
sup210 111111 26493 200097
sup211 111111 26493 200242
sup212 111111 26493 200069
sup213 111111 26493 200096
sup214 111111 26493 200098
sup215 111111 26493 200071
sup216 111111 26493 200072
sup217 111111 26493 200099
sup218 111111 26493 200233
sup219 111111 26493 200100
sup220 111111 26493 200246
sup221 111111 26493 200079
sup222 111111 26493 200084
sup223 111111 26493 200073
sup224 111111 26493 200125
sup225 111111 26493 200075
sup226 111111 26493 200101
sup227 111111 26493 200074
sup228 111111 26493 200104
sup229 111111 26493 200126
sup230 111111 26493 200085
sup231 111111 26493 200240
sup232 111111 26493 200080
sup233 111111 26493 200186
sup100 111111 26494 200153
sup101 111111 26494 200187
sup102 111111 26494 200133
sup103 111111 26494 200159
sup104 111111 26494 200150
sup105 111111 26494 200135
sup106 111111 26494 200210
sup107 111111 26494 200128
sup108 111111 26494 200127
sup109 111111 26494 200141
sup110 111111 26494 200136
sup111 111111 26494 200140
sup112 111111 26494 200191
sup113 111111 26494 200138
sup114 111111 26494 200115
sup115 111111 26494 200130
sup116 111111 26494 200113
sup117 111111 26494 200105
sup118 111111 26494 200116
sup119 111111 26494 200118
sup120 111111 26494 200114
sup121 111111 26494 200112
sup122 111111 26494 200227
sup123 111111 26494 200119
sup124 111111 26494 200121
sup125 111111 26494 200147
sup126 111111 26494 200111
sup127 111111 26494 200201
sup128 111111 26494 200103
sup129 111111 26494 200203
sup130 111111 26494 200259
sup131 111111 26494 200076
sup132 111111 26494 200088
sup133 111111 26494 200077
sup134 111111 26494 200146
sup135 111111 26494 200160
sup136 111111 26494 200137
sup137 111111 26494 200078
sup138 111111 26494 200131
sup139 111111 26494 200185
sup140 111111 26494 200139
sup141 111111 26494 200216
sup142 111111 26494 200162
sup143 111111 26494 200083
sup144 111111 26494 200211
sup145 111111 26494 200152
sup146 111111 26494 200232
sup147 111111 26494 200254
sup148 111111 26494 200189
sup149 111111 26494 200217
sup150 111111 26494 200255
sup151 111111 26494 200198
sup152 111111 26494 200215
sup153 111111 26494 200192
sup154 111111 26494 200193
sup155 111111 26494 200190
sup156 111111 26494 200196
sup157 111111 26494 200142
sup158 111111 26494 200195
sup159 111111 26494 200143
sup160 111111 26494 200132
sup161 111111 26494 200256
sup162 111111 26494 200212
sup163 111111 26494 200106
sup164 111111 26494 200107
sup165 111111 26494 200110
sup166 111111 26494 200122
sup167 111111 26494 200109
sup168 111111 26494 200123
sup169 111111 26494 200120
sup170 111111 26494 200081
sup171 111111 26494 200117
sup172 111111 26494 200108
sup173 111111 26494 200082
sup174 111111 26494 200129
sup175 111111 26494 200090
sup176 111111 26494 200144
sup177 111111 26494 200089
sup178 111111 26494 200060
sup179 111111 26494 200188
sup180 111111 26494 200161
sup181 111111 26494 200163
sup182 111111 26494 200236
sup183 111111 26494 200213
sup184 111111 26494 200062
sup185 111111 26494 200061
sup186 111111 26494 200087
sup187 111111 26494 200086
sup188 111111 26494 200124
sup189 111111 26494 200202
sup190 111111 26494 200068
sup191 111111 26494 200070
sup192 111111 26494 200063
sup193 111111 26494 200134
sup194 111111 26494 200102
sup195 111111 26494 200064
sup196 111111 26494 200065
sup197 111111 26494 200091
sup198 111111 26494 200214
sup199 111111 26494 200092
sup200 111111 26494 200066
sup201 111111 26494 200093
sup203 111111 26494 200244
sup204 111111 26494 200197
sup205 111111 26494 200067
sup206 111111 26494 200248
sup207 111111 26494 200257
sup208 111111 26494 200094
sup209 111111 26494 200095
sup210 111111 26494 200097
sup211 111111 26494 200242
sup212 111111 26494 200069
sup213 111111 26494 200096
sup214 111111 26494 200098
sup215 111111 26494 200071
sup216 111111 26494 200072
sup217 111111 26494 200099
sup218 111111 26494 200233
sup219 111111 26494 200100
sup220 111111 26494 200246
sup221 111111 26494 200079
sup222 111111 26494 200084
sup223 111111 26494 200073
sup224 111111 26494 200125
sup225 111111 26494 200075
sup226 111111 26494 200101
sup227 111111 26494 200074
sup228 111111 26494 200104
sup229 111111 26494 200126
sup230 111111 26494 200085
sup231 111111 26494 200240
sup232 111111 26494 200080
sup233 111111 26494 200186
sup100 111111 26495 200153
sup101 111111 26495 200187
sup102 111111 26495 200133
sup103 111111 26495 200159
sup104 111111 26495 200150
sup105 111111 26495 200135
sup106 111111 26495 200210
sup107 111111 26495 200128
sup108 111111 26495 200127
sup109 111111 26495 200141
sup110 111111 26495 200136
sup111 111111 26495 200140
sup112 111111 26495 200191
sup113 111111 26495 200138
sup114 111111 26495 200115
sup115 111111 26495 200130
sup116 111111 26495 200113
sup117 111111 26495 200105
sup118 111111 26495 200116
sup119 111111 26495 200118
sup120 111111 26495 200114
sup121 111111 26495 200112
sup122 111111 26495 200227
sup123 111111 26495 200119
sup124 111111 26495 200121
sup125 111111 26495 200147
sup126 111111 26495 200111
sup127 111111 26495 200201
sup128 111111 26495 200103
sup129 111111 26495 200203
sup130 111111 26495 200259
sup131 111111 26495 200076
sup132 111111 26495 200088
sup133 111111 26495 200077
sup134 111111 26495 200146
sup135 111111 26495 200160
sup136 111111 26495 200137
sup137 111111 26495 200078
sup138 111111 26495 200131
sup139 111111 26495 200185
sup140 111111 26495 200139
sup141 111111 26495 200216
sup142 111111 26495 200162
sup143 111111 26495 200083
sup144 111111 26495 200211
sup145 111111 26495 200152
sup146 111111 26495 200232
sup147 111111 26495 200254
sup148 111111 26495 200189
sup149 111111 26495 200217
sup150 111111 26495 200255
sup151 111111 26495 200198
sup152 111111 26495 200215
sup153 111111 26495 200192
sup154 111111 26495 200193
sup155 111111 26495 200190
sup156 111111 26495 200196
sup157 111111 26495 200142
sup158 111111 26495 200195
sup159 111111 26495 200143
sup160 111111 26495 200132
sup161 111111 26495 200256
sup162 111111 26495 200212
sup163 111111 26495 200106
sup164 111111 26495 200107
sup165 111111 26495 200110
sup166 111111 26495 200122
sup167 111111 26495 200109
sup168 111111 26495 200123
sup169 111111 26495 200120
sup170 111111 26495 200081
sup171 111111 26495 200117
sup172 111111 26495 200108
sup173 111111 26495 200082
sup174 111111 26495 200129
sup175 111111 26495 200090
sup176 111111 26495 200144
sup177 111111 26495 200089
sup178 111111 26495 200060
sup179 111111 26495 200188
sup180 111111 26495 200161
sup181 111111 26495 200163
sup182 111111 26495 200236
sup183 111111 26495 200213
sup184 111111 26495 200062
sup185 111111 26495 200061
sup186 111111 26495 200087
sup187 111111 26495 200086
sup188 111111 26495 200124
sup189 111111 26495 200202
sup190 111111 26495 200068
sup191 111111 26495 200070
sup192 111111 26495 200063
sup193 111111 26495 200134
sup194 111111 26495 200102
sup195 111111 26495 200064
sup196 111111 26495 200065
sup197 111111 26495 200091
sup198 111111 26495 200214
sup199 111111 26495 200092
sup200 111111 26495 200066
sup201 111111 26495 200093
sup203 111111 26495 200244
sup204 111111 26495 200197
sup205 111111 26495 200067
sup206 111111 26495 200248
sup207 111111 26495 200257
sup208 111111 26495 200094
sup209 111111 26495 200095
sup210 111111 26495 200097
sup211 111111 26495 200242
sup212 111111 26495 200069
sup213 111111 26495 200096
sup214 111111 26495 200098
sup215 111111 26495 200071
sup216 111111 26495 200072
sup217 111111 26495 200099
sup218 111111 26495 200233
sup219 111111 26495 200100
sup220 111111 26495 200246
sup221 111111 26495 200079
sup222 111111 26495 200084
sup223 111111 26495 200073
sup224 111111 26495 200125
sup225 111111 26495 200075
sup226 111111 26495 200101
sup227 111111 26495 200074
sup228 111111 26495 200104
sup229 111111 26495 200126
sup230 111111 26495 200085
sup231 111111 26495 200240
sup232 111111 26495 200080
sup233 111111 26495 200186