sup105,111111,539805,1004153
sup106,111111,539805,1004133
sup107,111111,539805,1004127
sup108,111111,539805,1004145
sup109,111111,539805,1004162
sup110,111111,539805,1004151
sup111,111111,539805,1004152
sup112,111111,539805,1004136
sup113,111111,539805,1004142
sup114,111111,539805,1004135
sup115,111111,539805,1004141
sup116,111111,539805,1004115
sup117,111111,539805,1004116
sup118,111111,539805,1004154
sup119,111111,539805,1004117
sup120,111111,539805,1004118
sup121,111111,539805,1004156
sup122,111111,539805,1004121
sup123,111111,539805,1004130
sup124,111111,539805,1004124
sup125,111111,539805,1004122
sup126,111111,539805,1004164
sup127,111111,539805,1004155
sup128,111111,539805,1004139
sup129,111111,539805,1004125
sup130,111111,539805,1004129
sup131,111111,539805,1004128
sup132,111111,539805,1004137
sup133,111111,539805,1004134
sup134,111111,539805,1004123
sup135,111111,539805,1004131
sup136,111111,539805,1004157
sup137,111111,539805,1004158
sup138,111111,539805,1004140
sup139,111111,539805,1004163
sup140,111111,539805,1004148
sup141,111111,539805,1004147
sup142,111111,539805,1004149
sup143,111111,539805,1004143
sup144,111111,539805,1004146
sup145,111111,539805,1004161
sup146,111111,539805,1004159
sup147,111111,539805,1004144
sup148,111111,539805,1004160
sup149,111111,539805,1004150
sup150,111111,539805,1004165
sup151,111111,539805,1004166
sup152,111111,539805,1004180
sup153,111111,539805,1004168
sup154,111111,539805,1004167
sup155,111111,539805,1004169
sup156,111111,539805,1004182
sup157,111111,539805,1004170
sup158,111111,539805,1004171
sup159,111111,539805,1004172
sup160,111111,539805,1004181
sup161,111111,539805,1004173
sup162,111111,539805,1004179
sup163,111111,539805,1004174
sup164,111111,539805,1004178
sup165,111111,539805,1004185
sup166,111111,539805,1004184
sup167,111111,539805,1004175
sup168,111111,539805,1004176
sup169,111111,539805,1004177
sup170,111111,539805,1004183
sup171,111111,539805,1004232
sup172,111111,539805,1004237
sup173,111111,539805,1004243
sup174,111111,539805,1004236
sup175,111111,539805,1004238
sup176,111111,539805,1004242
sup177,111111,539805,1004187
sup178,111111,539805,1004186
sup179,111111,539805,1004206
sup180,111111,539805,1004188
sup181,111111,539805,1004193
sup182,111111,539805,1004229
sup183,111111,539805,1004189
sup184,111111,539805,1004208
sup185,111111,539805,1004190
sup186,111111,539805,1004195
sup187,111111,539805,1004198
sup188,111111,539805,1004191
sup189,111111,539805,1004199
sup190,111111,539805,1004227
sup191,111111,539805,1004192
sup192,111111,539805,1004205
sup193,111111,539805,1004253
sup194,111111,539805,1004200
sup195,111111,539805,1004196
sup196,111111,539805,1004194
sup197,111111,539805,1004220
sup198,111111,539805,1004212
sup199,111111,539805,1004204
sup200,111111,539805,1004197
sup201,111111,539805,1004260
sup202,111111,539805,1004209
sup203,111111,539805,1004261
sup204,111111,539805,1004201
sup205,111111,539805,1004252
sup206,111111,539805,1004207
sup207,111111,539805,1004202
sup208,111111,539805,1004219
sup209,111111,539805,1004218
sup210,111111,539805,1004255
sup211,111111,539805,1004203
sup212,111111,539805,1004222
sup213,111111,539805,1004235
sup214,111111,539805,1004246
sup215,111111,539805,1004210
sup216,111111,539805,1004264
sup217,111111,539805,1004262
sup218,111111,539805,1004234
sup219,111111,539805,1004257
sup220,111111,539805,1004221
sup221,111111,539805,1004215
sup222,111111,539805,1004258
sup223,111111,539805,1004228
sup224,111111,539805,1004224
sup225,111111,539805,1004254
sup226,111111,539805,1004248
sup227,111111,539805,1004230
sup228,111111,539805,1004231
sup229,111111,539805,1004225
sup230,111111,539805,1004240
sup231,111111,539805,1004241
sup232,111111,539805,1004245
sup233,111111,539805,1004223
sup234,111111,539805,1004233
sup235,111111,539805,1004259
sup236,111111,539805,1004239
sup237,111111,539805,1004226
sup238,111111,539805,1004211
sup239,111111,539805,1004247
sup240,111111,539805,1004249
sup241,111111,539805,1004256
sup242,111111,539805,1004213
sup243,111111,539805,1004251
sup244,111111,539805,1004250
sup245,111111,539805,1004217
sup246,111111,539805,1004263
sup247,111111,539805,1004214
sup248,111111,539805,1004216
sup249,111111,539805,1004244