test003,111111,56789,193124
test004,111111,56789,193127
test004,111111,56789,193127
test005,111111,56789,193131
test006,111111,56789,193134
test006,111111,56789,193134
f2,111111,56789,193136
f3,111111,56789,193137
f9,111111,56789,194127
test056,111111,56789,195164
testsup01,111111,56789,195167
dev49,111111,56789,195172
dev49,111111,56789,195172
dev50,111111,56789,195173
dev51,111111,56789,195174
dev53,111111,56789,195180
test059,111111,56789,195183
test064,111111,56789,195196
glp13,111111,56789,197197
lilangc,111111,56789,199210
lilangc0,111111,56789,199218
lilangc1,111111,56789,199220
test075,111111,56789,199226
t005,111111,56789,201277
laoshuju,111111,56789,201285
gys001sandy,111111,56789,202304
f42,111111,56789,203315
f42,111111,56789,203315
13800138776,111111,56789,205341
BingSup,111111,56789,205345
ava001_001,111111,56789,210567
1111111111111111_001,111111,56789,210571
f2_001,111111,56789,210572
testsup01_3,111111,56789,210577
t001_001,111111,56789,210581
gys001sandy_001,111111,56789,210585
18008060006,111111,56789,210599